
 Input Link Lengths

Length of ground = 100 mm
Length of crank  = 250 mm
Length of coupler= 300 mm
Length of rocker = 400 mm



Transmission angles are
Maximum Angle is    57.910049
Manimum Angle is    18.573350

Static Force Analysis
Torque acting the Link2 is :    4.484980 N/m

Time(seconds)       theta2 omega3(rad/sec) omega4(rad/sec) alpha3(rad/sec^2) alpha4(rad/sec^2)
  0.00000000      0.00          0.83333333     -0.10803834        0.83333333       0.05547915
  0.10000000      0.05          0.79827153     -0.11160615        0.81457686       0.06428555
  0.20000000      0.10          0.76101170     -0.11787691        0.79334795       0.07266581
  0.30000000      0.15          0.72260906     -0.12644270        0.77044738       0.08102300
  0.40000000      0.20          0.68405519     -0.13713477        0.74664882       0.08978573
  0.50000000      0.25          0.64621204     -0.15008678        0.72264369       0.09948979
  0.60000000      0.30          0.60977237     -0.16585957        0.69900588       0.11088925
  0.70000000      0.35          0.57524677     -0.18568576        0.67617710       0.12515304
  0.80000000      0.40          0.54297204     -0.21200151        0.65446925       0.14427739
  0.90000000      0.45          0.51313373     -0.24975749        0.63407848       0.17208335
  1.00000000      0.50          0.48579527     -0.31023014        0.61510530       0.21708943
  1.10000000      0.55          0.46092832     -0.42532975        0.59757631       0.30325549
  1.20000000      0.60          0.43844032     -0.73415421        0.58146456       0.53490884
  1.30000000      0.65          0.41819761     -4.30649622        0.56670694       3.21438307
  1.40000000      0.70          0.40004348      0.94281048        0.55321801      -0.72221603
  1.50000000      0.75          0.38381157      0.39454295        0.54090054      -0.31049496
  1.60000000      0.80          0.36933512      0.23801480        0.52965295      -0.19246393
  1.70000000      0.85          0.35645318      0.16489908        0.51937448      -0.13690232
  1.80000000      0.90          0.34501433      0.12322488        0.50996847      -0.10485500
  1.90000000      0.95          0.33487869      0.09677519        0.50134432      -0.08418035
  2.00000000      1.00          0.32591873      0.07884106        0.49341849      -0.06986565
  2.10000000      1.05          0.31801930      0.06613774        0.48611488      -0.05946432
  2.20000000      1.10          0.31107715      0.05686372        0.47936472      -0.05164029
  2.30000000      1.15          0.30500016      0.04994632        0.47310631      -0.04560251
  2.40000000      1.20          0.29970642      0.04470570        0.46728453      -0.04085319
  2.50000000      1.25          0.29512332      0.04068936        0.46185030      -0.03706388
  2.60000000      1.30          0.29118655      0.03758383        0.45676003      -0.03400958
  2.70000000      1.35          0.28783919      0.03516466        0.45197508      -0.03153145
  2.80000000      1.40          0.28503093      0.03326649        0.44746122      -0.02951458
  2.90000000      1.45          0.28271721      0.03176442        0.44318820      -0.02787426
  3.00000000      1.50          0.28085862      0.03056192        0.43912926      -0.02654714
  3.10000000      1.55          0.27942021      0.02958270        0.43526079      -0.02548540
  3.20000000      1.60          0.27837099      0.02876518        0.43156193      -0.02465282
  3.30000000      1.65          0.27768342      0.02805846        0.42801433      -0.02402205
  3.40000000      1.70          0.55518868     -0.24322696        0.40791985       0.16381151
  3.50000000      1.75          0.54513501     -0.18206325        0.40112266       0.11780458
  3.60000000      1.80          0.53546289     -0.14535491        0.39489431       0.08998764
  3.70000000      1.85          0.52614644     -0.12114248        0.38920232       0.07140297
  3.80000000      1.90          0.51716125     -0.10418912        0.38401597       0.05813300
  3.90000000      1.95          0.50848437     -0.09183741        0.37930635       0.04819307
  4.00000000      2.00          0.50009436     -0.08259446        0.37504622       0.04047040
  4.10000000      2.05          0.49197129     -0.07555652        0.37120999       0.03429271
  4.20000000      2.10          0.48409670     -0.07014425        0.36777362       0.02922972
  4.30000000      2.15          0.47645353     -0.06596920        0.36471452       0.02499305
  4.40000000      2.20          0.46902615     -0.06276129        0.36201147       0.02138187
  4.50000000      2.25          0.46180021     -0.06032724        0.35964452       0.01825163
  4.60000000      2.30          0.45476269     -0.05852548        0.35759491       0.01549522
  4.70000000      2.35          0.44790173     -0.05725051        0.35584496       0.01303101
  4.80000000      2.40          0.44120667     -0.05642274        0.35437802       0.01079513
  4.90000000      2.45          0.43466794     -0.05598189        0.35317838       0.00873615
  5.00000000      2.50          0.42827699     -0.05588254        0.35223117       0.00681139
  5.10000000      2.55          0.42202628     -0.05609115        0.35152235       0.00498412
  5.20000000      2.60          0.41590919     -0.05658429        0.35103859       0.00322148
  5.30000000      2.65          0.40992000     -0.05734752        0.35076728       0.00149264
  5.40000000      2.70          0.40405379     -0.05837510        0.35069641      -0.00023285
  5.50000000      2.75          0.39830643     -0.05967035        0.35081457      -0.00198676
  5.60000000      2.80          0.39267454     -0.06124688        0.35111093      -0.00380418
  5.70000000      2.85          0.38715538     -0.06313075        0.35157515      -0.00572598
  5.80000000      2.90          0.38174691     -0.06536429        0.35219738      -0.00780234
  5.90000000      2.95          0.37644765     -0.06801220        0.35296825      -0.01009775
  6.00000000      3.00          0.37125669     -0.07117163        0.35387884      -0.01269908
  6.10000000      3.05          0.36617366     -0.07498921        0.35492063      -0.01572856
  6.20000000      3.10          0.36119864     -0.07969099        0.35608554      -0.01936654
  6.30000000      3.15          0.35633221     -0.08563817        0.35736590      -0.02389346
  6.40000000      3.20          0.35157533     -0.09343861        0.35875443      -0.02977365
  6.50000000      3.25          0.34692938     -0.10419176        0.36024424      -0.03783918
  6.60000000      3.30          0.34239608     -0.12009991        0.36182885      -0.04974830
  6.70000000      3.35          0.33797751     -0.14629534        0.36350216      -0.06935601
  6.80000000      3.40          0.33367606     -0.19810705        0.36525847      -0.10816409
  6.90000000      3.45          0.32949443     -0.35125533        0.36709251      -0.22296707
  7.00000000      3.50          0.32543562    -20.02813000        0.36899939     -14.98056100
  7.10000000      3.55          0.32150287      0.27413863        0.37097465       0.24620336
  7.20000000      3.60          0.31769974      0.11373656        0.37301426       0.12596311
  7.30000000      3.65          0.31403002      0.06072304        0.37511463       0.08626088
  7.40000000      3.70          0.31049779      0.03427031        0.37727263       0.06647464
  7.50000000      3.75          0.30710743      0.01841684        0.37948560       0.05463272
  7.60000000      3.80          0.30386357      0.00787029        0.38175137       0.04676592
  7.70000000      3.85          0.30077120      0.00036916        0.38406826       0.04117886
  7.80000000      3.90          0.29783561     -0.00521559        0.38643513       0.03702620
  7.90000000      3.95          0.29506248     -0.00951113        0.38885142       0.03383977
  8.00000000      4.00          0.29245789     -0.01289443        0.39131711       0.03133985
  8.10000000      4.05          0.29002839     -0.01560652        0.39383281       0.02934957
  8.20000000      4.10          0.28778104     -0.01780953        0.39639979       0.02775221
  8.30000000      4.15          0.28572346     -0.01961750        0.39902000       0.02646826
  8.40000000      4.20          0.28386395     -0.02111394        0.40169613       0.02544235
  8.50000000      4.25          0.28221154     -0.02236247        0.40443166       0.02463549
  8.60000000      4.30          0.28077613     -0.02341353        0.40723092       0.02402027
  8.70000000      4.35          0.27956856     -0.02430887        0.41009917       0.02357782
  8.80000000      4.40          0.27860078     -0.02508456        0.41304268       0.02329586
  8.90000000      4.45          0.27788602     -0.02577328        0.41606879       0.02316756
  9.00000000      4.50          0.27743890     -0.02640612        0.41918608       0.02319074
  9.10000000      4.55          0.27727572     -0.02701401        0.42240445       0.02336759
  9.20000000      4.60          0.27741461     -0.02762918        0.42573526       0.02370465
  9.30000000      4.65          0.27787586     -0.02828656        0.42919153       0.02421303
  9.40000000      4.70          0.27868218     -0.02902540        0.43278809       0.02490909
  9.50000000      4.75          0.27985904     -0.02989115        0.43654182       0.02581529
  9.60000000      4.80          0.28143511     -0.03093795        0.44047189       0.02696172
  9.70000000      4.85          0.28344264     -0.03223181        0.44460004       0.02838815
  9.80000000      4.90          0.28591803     -0.03385510        0.44895090       0.03014712
  9.90000000      4.95          0.28890235     -0.03591283        0.45355236       0.03230837
 10.00000000      5.00          0.29244199     -0.03854190        0.45843596       0.03496560
 10.10000000      5.05          0.29658942     -0.04192502        0.46363736       0.03824663
 10.20000000      5.10          0.30140393     -0.04631248        0.46919679       0.04232951
 10.30000000      5.15          0.30695253     -0.05205752        0.47515964       0.04746881
 10.40000000      5.20          0.31331085     -0.05967655        0.48157695       0.05404053
 10.50000000      5.25          0.32056411     -0.06995729        0.48850600       0.06262296
 10.60000000      5.30          0.32880808     -0.08416686        0.49601083       0.07415248
 10.70000000      5.35          0.33814995     -0.10448719        0.50416263       0.09024984
 10.80000000      5.40          0.34870900     -0.13503363        0.51304003       0.11398390
 10.90000000      5.45          0.36061694     -0.18463139        0.52272900       0.15195388
 11.00000000      5.50          0.37401768     -0.27632413        0.53332234       0.22142068
 11.10000000      5.55          0.38906613     -0.49558627        0.54491836       0.38646648
 11.20000000      5.60          0.40592573     -1.64890224        0.55761854       1.25192975
 11.30000000      5.65          0.42476392      1.58896771        0.57152367      -1.17614416
 11.40000000      5.70          0.44574505      0.58504903        0.58672800      -0.42304702
 11.50000000      5.75          0.46901978      0.37646987        0.60331079      -0.26664214
 11.60000000      5.80          0.49471022      0.28613164        0.62132472      -0.19911232
 11.70000000      5.85          0.52289015      0.23529268        0.64078083      -0.16139067
 11.80000000      5.90          0.55356033      0.20219718        0.66163005      -0.13712306
 11.90000000      5.95          0.58661967      0.17844929        0.68374212      -0.11993717
 12.00000000      6.00          0.62183483      0.16018209        0.70688403      -0.10680586
 12.10000000      6.05          0.65881252      0.14545496        0.73070132      -0.09608078
 12.20000000      6.10          0.69698091      0.13330082        0.75470737      -0.08676368
 12.30000000      6.15          0.73558765      0.12332182        0.77828613      -0.07818996
 12.40000000      6.20          0.77372140      0.11549629        0.80071353      -0.06986997
 12.50000000      6.25          0.81036061      0.11007797        0.82119976      -0.06139242
